1888 7.34
1889 10.58
1890 11.29
1891 10.41
1892 13.19
1893 9.41
1894 12.04
1895 10.40
1896 11.51
1897 9.49
1898 11.13
1899 6.46
1900 8.57
1901 9.39
1902 7.06
1903 9.56
1904 7.33
1905 7.55
1906 9.56
1907 6.81
1908 11.30
1909 9.94
1910 9.46
1911 8.99
1912 7.03
1913 4.71
1914 7.71
1915 5.73
1916 10.27
1917 10.71
1918 6.83
1919 8.03
1920 6.89
1921 7.57
1922 9.12
1923 8.28
1924 8.61
1925 6.41
1926 7.95
1927 7.06
1928 7.72
1929 9.44
1930 6.83
1931 8.21
1932 8.83
1933 8.54
1934 9.16
1935 9.30
1936 9.24
1937 8.59
1938 10.74
1939 7.08
1940 6.94
1941 5.56
1942 7.83
1943 9.56
1944 6.92
1945 7.24
1946 10.75
1947 8.87
1948 7.41
1949 7.80
1950 8.61
1951 6.86
1952 8.13
1953 8.02
1954 10.93
1955 8.68
1956 7.98
1957 8.22
1958 9.48
1959 11.27
1960 4.71