1 0.014 0.866 4.71
2 0.027 0.896 5.56
3 0.041 0.928 5.73
4 0.055 0.961 6.41
5 0.068 0.991 6.46
6 0.082 1.023 6.81
7 0.096 1.055 6.83
8 0.11 1.087 6.83
9 0.123 1.117 6.86
10 0.137 1.149 6.89
11 0.151 1.182 6.92
12 0.164 1.212 6.94
13 0.178 1.244 7.03
14 0.192 1.276 7.06
15 0.205 1.306 7.06
16 0.219 1.338 7.08
17 0.233 1.371 7.24
18 0.247 1.403 7.33
19 0.26 1.433 7.34
20 0.274 1.465 7.41
21 0.288 1.497 7.55
22 0.301 1.527 7.57
23 0.315 1.559 7.71
24 0.329 1.592 7.72
25 0.342 1.622 7.8
26 0.356 1.654 7.83
27 0.37 1.686 7.95
28 0.384 1.718 7.98
29 0.397 1.748 8.02
30 0.411 1.78 8.03
31 0.425 1.813 8.13
32 0.438 1.843 8.21
33 0.452 1.875 8.22
34 0.466 1.907 8.28
35 0.479 1.937 8.54
36 0.493 1.969 8.57
37 0.507 2.001 8.59
38 0.521 2.034 8.61
39 0.534 2.064 8.61
40 0.548 2.096 8.68
41 0.562 2.128 8.83
42 0.575 2.158 8.87
43 0.589 2.19 8.99
44 0.603 2.222 9.12
45 0.616 2.252 9.16
46 0.63 2.285 9.24
47 0.644 2.317 9.3
48 0.658 2.349 9.39
49 0.671 2.379 9.41
50 0.685 2.411 9.44
51 0.699 2.444 9.46
52 0.712 2.473 9.48
53 0.726 2.506 9.49
54 0.74 2.538 9.56
55 0.753 2.568 9.56
56 0.767 2.6 9.56
57 0.781 2.632 9.94
58 0.795 2.665 10.27
59 0.808 2.695 10.4
60 0.822 2.727 10.41
61 0.836 2.759 10.58
62 0.849 2.789 10.71
63 0.863 2.821 10.74
64 0.877 2.853 10.75
65 0.89 2.883 10.93
66 0.904 2.916 11.13
67 0.918 2.948 11.27
68 0.932 2.98 11.29
69 0.945 3.01 11.3
70 0.959 3.042 11.51
71 0.973 3.074 12.04
72 0.986 3.104 13.19
