1 0.01 0.857 12.8
2 0.02 0.88 12.9
3 0.03 0.903 13.0
4 0.04 0.926 13.0
5 0.051 0.951 13.0
6 0.061 0.974 13.1
7 0.071 0.998 13.1
8 0.081 1.021 13.1
9 0.091 1.044 13.3
10 0.101 1.067 13.3
11 0.111 1.09 13.4
12 0.121 1.113 13.4
13 0.131 1.136 13.5
14 0.141 1.159 13.5
15 0.152 1.184 13.6
16 0.162 1.207 13.6
17 0.172 1.23 13.6
18 0.182 1.253 13.6
19 0.192 1.276 13.6
20 0.202 1.299 13.7
21 0.212 1.322 13.7
22 0.222 1.345 13.8
23 0.232 1.368 13.8
24 0.242 1.391 13.9
25 0.253 1.417 14.0
26 0.263 1.44 14.0
27 0.273 1.463 14.0
28 0.283 1.486 14.0
29 0.293 1.509 14.0
30 0.303 1.532 14.0
31 0.313 1.555 14.0
32 0.323 1.578 14.0
33 0.333 1.601 14.0
34 0.343 1.624 14.0
35 0.354 1.649 14.0
36 0.364 1.672 14.0
37 0.374 1.695 14.0
38 0.384 1.718 14.1
39 0.394 1.741 14.1
40 0.404 1.764 14.1
41 0.414 1.787 14.1
42 0.424 1.81 14.2
43 0.434 1.833 14.2
44 0.444 1.856 14.3
45 0.455 1.882 14.4
46 0.465 1.905 14.4
47 0.475 1.928 14.5
48 0.485 1.951 14.5
49 0.495 1.974 14.5
50 0.505 1.997 14.5
51 0.515 2.02 14.5
52 0.525 2.043 14.6
53 0.535 2.066 14.6
54 0.545 2.089 14.6
55 0.556 2.114 14.6
56 0.566 2.137 14.7
57 0.576 2.16 14.7
58 0.586 2.183 14.8
59 0.596 2.206 14.8
60 0.606 2.229 14.9
61 0.616 2.252 14.9
62 0.626 2.275 14.9
63 0.636 2.298 15.0
64 0.646 2.322 15.0
65 0.657 2.347 15.0
66 0.667 2.37 15.0
67 0.677 2.393 15.0
68 0.687 2.416 15.0
69 0.697 2.439 15.0
70 0.707 2.462 15.0
71 0.717 2.485 15.0
72 0.727 2.508 15.1
73 0.737 2.531 15.2
74 0.747 2.554 15.2
75 0.758 2.579 15.2
76 0.768 2.602 15.2
77 0.778 2.625 15.3
78 0.788 2.648 15.3
79 0.798 2.671 15.3
80 0.808 2.695 15.4
81 0.818 2.718 15.5
82 0.828 2.741 15.6
83 0.838 2.764 15.6
84 0.848 2.787 15.6
85 0.859 2.812 15.6
86 0.869 2.835 15.6
87 0.879 2.858 15.6
88 0.889 2.881 15.6
89 0.899 2.904 15.7
90 0.909 2.927 15.8
91 0.919 2.95 15.9
92 0.929 2.973 16.0
93 0.939 2.996 16.0
94 0.949 3.019 16.0
95 0.96 3.045 16.1
96 0.97 3.068 16.3
97 0.98 3.091 16.4
98 0.99 3.114 16.5
