1902	17.6
1903	15.2
1904	15
1905	14.8
1906	17.6
1907	17.2
1908	13.7
1909	13.6
1910	14.1
1911	17.8
1912	13.9
1913	14.3
1914	17
1915	16
1916	15.8
1917	13
1918	15.3
1919	15.7
1920	14.1
1921	15.2
1922	13.3
1923	15.3
1924	15.6
1925	14
1926	14.2
1927	15.6
1928	14.1
1929	15.2
1930	14
1931	13
1932	14.7
1933	14.1
1934	15.4
1935	14.9
1936	14.5
1937	15.6
1938	16
1939	15
1940	14
1941	15.6
1942	14
1943	14.9
1944	16.3
1945	14
1946	17
1947	14.5
1948	14
1949	17.2
1950	13.4
1951	14.5
1952	13
1953	14.5
1954	14
1955	16.4
1956	14
1957	14
1958	15
1959	14.5
1960	14
1961	15.6
1962	15.1
1963	15.9
1964	13.1
1965	15
1966	14
1967	15
1968	13.7
1969	15
1970	15.6
1971	15
1972	14.4
1973	14
1974	16.6
1975	13.6
1976	17
1977	15.5
1978	15.6
1979	14
1980	13.8
1981	13.8
1982	14.4
1983	16.1
1984	17
1985	16.5
1986	13.5
1987	14.7
1988	13.5
1989	12.7
1990	15.3
1991	14.6
1992	17
1993	15
1994	13.3
1995	13.6
1996	14.6
1997	14.6
1998	14.6
1999	13.4
2000	13.1
2001	13.1
2002	12.8
2003	15.2
2004	13.6
2005	14.9
2006	14.2
2007	14.8
2008	16
2009	13.6
2010	12.9
2011	15