20 0.5236 1.0628
21 0.5252 1.0695
22 0.5268 1.0755
23 0.5282 1.0812
24 0.5296 1.0865
25 0.5309 1.0915
26 0.5320 1.0961
27 0.5332 1.1004
28 0.5343 1.1047
29 0.5353 1.1086
30 0.5362 1.1124
31 0.5371 1.1159
32 0.5380 1.1193
33 0.5288 1.1226
34 0.5396 1.1255
35 0.5403 1.1285
36 0.5410 1.1313
37 0.5418 1.1339
38 0.5424 1.1363
39 0.5430 1.1388
40 0.5436 1.1413
41 0.5442 1.1436
42 0.5448 1.1458
43 0.5453 1.1480
44 0.5458 1.1499
45 0.5463 1.1519
46 0.5468 1.1538
47 0.5473 1.1557
48 0.5477 1.1574
49 0.5481 1.1590
50 0.5485 1.1607
51 0.5489 1.1623
52 0.5493 1.1638
53 0.5497 1.1653
54 0.5501 1.1667
55 0.5504 1.1681
56 0.5508 1.1696
57 0.5511 1.1708
58 0.5515 1.1721
59 0.5518 1.1734
60 0.5521 1.1747
62 0.5527 1.1770
64 0.5533 1.1793
66 0.5538 1.1814
68 0.5543 1.1834
70 0.5548 1.1854
72 0.5552 1.1873
74 0.5557 1.1890
76 0.5561 1.1906
78 0.5565 1.1923
80 0.5569 1.1938
82 0.5572 1.1953
84 0.5576 1.1967
86 0.5580 1.1980
88 0.5583 1.1994
90 0.5586 1.2007
92 0.5589 1.2020
94 0.5592 1.2032
96 0.5595 1.2044
98 0.5598 1.2055
100 0.5600 1.2065